T_O_L1:
- [-0.95882, 0.284015, 0.0, -1.0]
- [-0.284015, -0.95882, 0.0, -0.7]
- [0.0, 0.0, 1.0, 0.3]
- [0.0, 0.0, 0.0, 1]

T_O_L2:
- [0.0610485, -0.998135, 0.0, 3.4]
- [0.998135, 0.0610485, 0.0, 0.9]
- [0.0, 0.0, 1.0, 0.4]
- [0.0, 0.0, 0.0, 1.0]

T_O_L3:
- [-0.965926, -0.258819, 0.0, -1.0]
- [0.258819, -0.965926, 0.0, 0.66]
- [0.0, 0.0, 1.0, 0.3]
- [0.0, 0.0, 0.0, 1.0]

T_O_L4:
- [0.0784591, 0.996917, 0.0, 3.4]
- [-0.996917, 0.0784591, 0.0, -0.9]
- [0.0, 0.0, 1.0, 0.4]
- [0.0, 0.0, 0.0, 1.0]

T_O_L5:
- [1.0, 0.0, 0.0, 3.7]
- [0.0, 1.0, 0.0, -0.2]
- [0.0, 0.0, 1.0, 0.3]
- [0.0, 0.0, 0.0, 1.0]
